$ANSIBLE_VAULT;1.1;AES256
65653862363536636432393530363130393161623733316163626631353466336266316265303063
3333376435636130393866353163663034646465313331650a316566303664666132376137386361
63343734663631393637666630386265326436633564613532653438653165653264383965333335
3531366135653763640a346236356365366462343839626533663762623536383861643635636165
36633766323339313233303037373039656462333438616532353234366135386464633566383531
61346338303465303864333539303937336635306361396333316432366434346434373133383064
34353764663533353933633561613638343435383766373866346136653831306266376233336630
63373934663335343566323530376664346533646162356463626433386665383431336261363161
30656532656366366631343662333733633739613836333531346261306532323233313362636631
62663062626536623561376339353839363433633433363832633961343261623732336436386636
65386461363263653939386236323939663239366664333238646137343934306265313037336632
39303636336537646165383138333238663133316164313739393439376132333362386238666330
39623465323132343337393366636434653532666661323535326337653836303038313737376532
66363035313165653834376239363237633939383839643237663933363164333932633636633564
64393934383233353164376362636137346433626534373363303434356233316463636231663735
39353232663833343765323866386436646361663437353564306532393434643833666431363332
34393332633366643763386638366165303536376438323237343866313730356466653633623463
36643730373161633030653936373237336136383532363965363134326638616164306336326533
30343836393565646462313963643632663531393636326130326565633965326632633935643033
66313165346137386139303334663363336662346435613536366338376162663938326562376533
34303463303566653036373933643334336338323436666436373537616239623132326365626138
36643664623134346561323934373433383838383562343138306335343263376164333439323439
34343135653466646437356536666361343230613939323636353732353938666361656264303539
63383462376530653538653130663664343061353465333163656532393934306664343634313730
35376266616433323564303735383366623661306664306665643963613235363437643863633866
34663233623036333438386436303265306535356466643931373439616330346562623565376639
63643539336365333831333834623032326565663666623438363235646133346639626636343433
61633139323063656233376265663634663338323863643164326436333334333664373635613736
65316133376363636363623762303165323239396463313130666630376339333263323239353763
36616365316561393232636566623836653861313762353630633538333438333639613266303838
64616438376338623864346531616136646530386564346434663035346664373362326333666431
61343763303363653134646232313239663864383938633339646433623764343632643361353537
30383564323331393737336236386265616164376539663038306466316632376633623039633238
64396531643431383031336162303938613333346565393564663736353666313531663537666433
38303535636533373131383963353639363237653134326566303161383464623838363030303566
30313064393936343338613463386537653166626632613465383964333230643161643830343465
36633163626234346537393465373734626133653861356531313866323033613263396466353261
65353865336361386665656239633131363261356334343430616337643330663034353838356264
39353438303837656562353461643331636130633130383134633131356533353933366237623065
34313064313261353334343038333030666233633837346561653935343064393635646665373961
34326164326161363234383661366461386365373733366532356134393362323031363134636638
36336637343463353633343539613530313164343639343136343034636364373063373239663035
32636162626266306139663830636134393434373063303562303163626635396238316432613037
30356535666565313064303464343061366538353163323765663630396333326264373265663335
37646438326534396238313431636463653030626538646234616462336436323832633731616266
35326230396131363965343162313133323433643737616266363038386232653134356666636232
37616232303265333363363630613962356162636636653765363762653339383635633835373234
61643435303133346430656531653166393063616439613131623962643635323735386462333664
32333436356430313734616364386533333963376663366163353236343865383066383135653363
63306637633839653166313633643539353130636262346233393563313332346339313437643266
64343137653636346366363736346662333566663566613939623339393933323063663165626330
38356661353765636362633337663166356363653433333539386135653236623035386230643363
33386437623430313861373537303066363537366266386435623236396166613961646566373633
30653732323434303164326136333864326431646236346138323537346564656637323066323165
33646463653439393934633036393533353032376335353433643331353262306337343636666331
31643038666335366661356536663839336532363438663734393536373730306334313639393433
36623132616535333464613362376361353966363931393832356237323238626632306635333737
61356134393831386161376435306536623864633134336336313734366661633932613164643336
33313564636333303664343133353962323266386434666461333966636665353061376131356261
38663666333661356136333931656535353361386634623666656161373463316531643136333533
64626162643361343162663462663466626436313835613031366562613437373665343061363837
63303736396464333036386662656438323934643337386336333862376532363735333765353438
39653738633031613665313163303031313965343932393733383734303965306335353966323831
63623763396136356439663165306663323230343231643233663963383766313137313734366662
31653762663064353037363061626463306562306561653238313135363836396366623063626133
31306234393533626337396530373039663731656662363066613964666430366334336436316431
39643861633239333032653239356435396536383131623165626461393464646433353237343861
34653335666538616161396264356565303562646433323164333539313138326538373266313234
38663230663964313936383334316163363464663364306636613136386465623563616661636464
38643962376263646262363431623633373832386463613337376263613530363137356665666362
65323462303431633031626163366266373133353130626437626431333235623336383138656630
32383136666633333361666333653264623464393066626337646239333065633033316635316536
34396235386665343835616464626433343936623832643964366662336637393962313833653165
31313062633737306665363438376566306235323233343138623662303362636337386436656430
65653665356661393235613737373961393130656262363861303432616330656636393166323462
39393033336433633561363537623763343138363031613030663764613633643934363731313362
31623030313762623663326435663630366464396365633362373264303062323034353637373639
61646439306466323938303361313038363962366434396561646433626365666165353863623535
64323065396632346633643134353837386135376230646565656333333235663030636234323064
65373533306665373334666439363333613364613337373833366236663333393262653464623061
62623338646230366561346563383465366562653465343036653433333836313033616230653666
62623231326137626530396539343463613662636362366662646137393636353337323961373033
66663164646265643166656561323739333130653634376538393933303338633632666266616130
66353266666530613764636363333732363531646234373866626563323661336563353632313833
32626634393139616662393037393135353433653437626634323731323631656632346338623061
61376363333864386232313665373863323966613339383365383536613936333930623864616461
37623865633532666433333562306137376339313463313238666636363832363839393035323462
63356261633864636331326237303633616639353766623534663337376137643238363163663039
38303662346331396434636530623163626135353562343436396233313339386562323737363061
38323365346532626163656435356238623937663437616233646530333862373863353436333734
63643466316437643837313137313965663434303331373464323631313338633431626330303230
33396135623333323834373534336634616437353134353735653262323238393934613464653338
38353663373933643231353061306533343764616232633030653435323330373335643166383264
32376563383635666430623338636531383438343565326333383539396430376631623862326364
39333436363938343863653761376261623830656461633064393636626664363832326132643336
62643239613961383735346362666533656665366564303536356662313335623938383464396433
66616333353837663336343837653031343763363463396164323661316336363066393363616135
64396230363564323962633733363466616431313163316336363332663336333862313661653463
31653764343365336666646563633235313730636533396366636636393238316365663033646434
65636136303864303364323630636161393066663432356564353565386337636638353266346463
62343964353736373862626263316430653730613434323136366661356336623936666539653730
61366639323262326533613937323437343237666337613137613636353363343265643366656665
34623535313835393065313635636534613130303765343061376562353232613138643830653266
38376435626362333061393631323437323935343138353961396131336638386337333763343139
61363761653562373535346565653637373936616564303063633039333030383931333931646432
36313861333132393862363036323632643434396639303938303430623865323664356233376462
36643065626231386463363063393363656665386537366334636661356231623664656334633732
64353436363831313535613162396537356562633561653137616533663532666530346637366566
34636239663033623333623835656165353262343261346132616662613533666164393765383765
66356164396266663461363439316134363734623831383034663165303165313938313932353164
61363334653537643765336666633864653463653939363965363930616638386366613361306630
66656530623063656634356631316532616633396530383337306535323764366130313439633833
32333962663133653739613163623963326231376262666362623538666135646166313630303035
66373232333532383863373464313362353061646666643034373634306563383735393837623336
37646139303034353735666663316665346434663064313765333838306162333932353835343463
38363165643435343534373133363937323662323535353939373736343238666236346131326161
62616331386239383463353637323363363236303235363735666137336635656564316634306234
63626638633733353437666339363937323330373935303534663661666239346664623334383162
37386434336163323432366237366335313162643430656565353337376666666335356236333332
38613237336231336233633630393062383830643661646462373435643936376130353938356561
35386132356338356239333135333462613431323137343832643234666262363431363532356439
32636530336533376537323964333061326662646562333831313937303964663164356430393065
39666362646262393866633137393533356431373633366236663366623032643637373533333234
37336161643561313336313661666561303732366537636265643131373535626134333532623965
61636264633530663833653739633733613936396235383961393962373535323639613439623238
37646137326136663738636562393731363066383333623965343337353430356665333738646663
63363562383862663166653336363736646535343538663031343138383266373061616162643330
63363039623664313465363365346432616663346636613930356263376232383261326438653631
36656635626262393938646163386462316132343330646138356165613030666638386662383837
63646134636466613164316538303633626166303333613062363938356338356337626232343938
62343639333763383233303963373263323834633135343939646430376663396337666362623862
33623837373434616436306333613761636436316261313166626164623335623065316538656265
36636631626462323438636336656439363735626462623837356364666533366532
